curl 'https://api.moni.ai/api/projects/offer/scam/raw_get/' \
  -H 'accept: */*' \
  -H 'accept-language: en-US,en;q=0.9' \
  -H 'authorization;' \
  -H 'content-type: application/json' \
  -H 'origin: chrome-extension://bgooiolaoinoncegoopcmincbomphmhi' \
  -H 'priority: u=1, i' \
  -H 'sec-fetch-dest: empty' \
  -H 'sec-fetch-mode: cors' \
  -H 'sec-fetch-site: none' \
  -H 'sec-fetch-storage-access: active' \
  -H 'user-agent: Mozilla/5.0 (Macintosh; Intel Mac OS X 10_15_7) AppleWebKit/537.36 (KHTML, like Gecko) Chrome/149.0.0.0 Safari/537.36' \
  --data-raw '{"items":[{"name":"Arcia","username":"playarcia","profileImageBytes":[255,216,255,224,0,16,74,70,73,70,0,1,1,0,0,1,0,1,0,0,255,226,2,160,73,67,67,95,80,82,79,70,73,76,69,0,1,1,0,0,2,144,108,99,109,115,4,48,0,0,109,110,116,114,82,71,66,32,88,89,90,32,0,0,0,0,0,0,0,0,0,0,0,0,97,99,115,112,65,80,80,76,0,0,0,0,0,0,0,0,0,0,0,0,0,0,0,0,0,0,0,0,0,0,0,0,0,0,246,214,0,1,0,0,0,0,211,45,108,99,109,115,0,0,0,0,0,0,0,0,0,0,0,0,0,0,0,0,0,0,0,0,0,0,0,0,0,0,0,0,0,0,0,0,0,0,0,0,0,0,0,0,0,0,0,0,0,0,0,11,100,101,115,99,0,0,1,8,0,0,0,56,99,112,114,116,0,0,1,64,0,0,0,78,119,116,112,116,0,0,1,144,0,0,0,20,99,104,97,100,0,0,1,164,0,0,0,44,114,88,89,90,0,0,1,208,0,0,0,20,98,88,89,90,0,0,1,228,0,0,0,20,103,88,89,90,0,0,1,248,0,0,0,20,114,84,82,67,0,0,2,12,0,0,0,32,103,84,82,67,0,0,2,44,0,0,0,32,98,84,82,67,0,0,2,76,0,0,0,32,99,104,114,109,0,0,2,108,0,0,0,36,109,108,117,99,0,0,0,0,0,0,0,1,0,0,0,12,101,110,85,83,0,0,0,28,0,0,0,28,0,115,0,82,0,71,0,66,0,32,0,98,0,117,0,105,0,108,0,116,0,45,0,105,0,110,0,0,109,108,117,99,0,0,0,0,0,0,0,1,0,0,0,12,101,110,85,83,0,0,0,50,0,0,0,28,0,78,0,111,0,32,0,99,0,111,0,112,0,121,0,114,0,105,0,103,0,104,0,116,0,44,0,32,0,117,0,115,0,101,0,32,0,102,0,114,0,101,0,101,0,108,0,121,0,0,0,0,88,89,90,32,0,0,0,0,0,0,246,214,0,1,0,0,0,0,211,45,115,102,51,50,0,0,0,0,0,1,12,74,0,0,5,227,255,255,243,42,0,0,7,155,0,0,253,135,255,255,251,162,255,255,253,163,0,0,3,216,0,0,192,148,88,89,90,32,0,0,0,0,0,0,111,148,0,0,56,238,0,0,3,144,88,89,90,32,0,0,0,0,0,0,36,157,0,0,15,131,0,0,182,190,88,89,90,32,0,0,0,0,0,0,98,165,0,0,183,144,0,0,24,222,112,97,114,97,0,0,0,0,0,3,0,0,0,2,102,102,0,0,242,167,0,0,13,89,0,0,19,208,0,0,10,91,112,97,114,97,0,0,0,0,0,3,0,0,0,2,102,102,0,0,242,167,0,0,13,89,0,0,19,208,0,0,10,91,112,97,114,97,0,0,0,0,0,3,0,0,0,2,102,102,0,0,242,167,0,0,13,89,0,0,19,208,0,0,10,91,99,104,114,109,0,0,0,0,0,3,0,0,0,0,163,215,0,0,84,123,0,0,76,205,0,0,153,154,0,0,38,102,0,0,15,92,255,219,0,67,0,5,3,4,4,4,3,5,4,4,4,5,5,5,6,7,12,8,7,7,7,7,15,11,11,9,12,17,15,18,18,17,15,17,17,19,22,28,23,19,20,26,21,17,17,24,33,24,26,29,29,31,31,31,19,23,34,36,34,30,36,28,30,31,30,255,219,0,67,1,5,5,5,7,6,7,14,8,8,14,30,20,17,20,30,30,30,30,30,30,30,30,30,30,30,30,30,30,30,30,30,30,30,30,30,30,30,30,30,30,30,30,30,30,30,30,30,30,30,30,30,30,30,30,30,30,30,30,30,30,30,30,30,30,255,194,0,17,8,0,48,0,48,3,1,34,0,2,17,1,3,17,1,255,196,0,27,0,0,2,2,3,1,0,0,0,0,0,0,0,0,0,0,0,2,4,1,3,0,5,6,7,255,196,0,24,1,1,1,1,1,1,0,0,0,0,0,0,0,0,0,0,0,1,3,2,0,4,255,218,0,12,3,1,0,2,16,3,16,0,0,1,241,147,155,175,154,228,155,102,162,221,159,34,173,51,171,103,121,146,139,142,185,18,85,224,189,98,243,215,101,110,188,137,194,248,45,63,255,196,0,29,16,0,2,3,0,3,1,1,0,0,0,0,0,0,0,0,0,1,2,0,3,17,5,16,18,4,33,255,218,0,8,1,1,0,1,5,2,153,2,236,240,101,148,186,116,163,97,24,6,9,77,129,95,153,228,7,32,150,41,83,65,10,8,87,47,95,152,130,126,170,221,133,68,72,204,103,162,67,110,24,39,163,40,75,45,127,161,46,249,236,246,209,142,244,12,174,210,141,117,173,99,147,215,255,196,0,26,17,1,1,1,1,0,3,0,0,0,0,0,0,0,0,0,0,1,0,2,18,17,33,97,255,218,0,8,1,3,1,1,63,1,89,211,99,74,123,182,79,158,108,18,92,189,124,130,255,196,0,28,17,0,2,2,3,1,1,0,0,0,0,0,0,0,0,0,0,0,2,1,17,3,18,33,16,49,255,218,0,8,1,2,1,1,63,1,85,22,175,166,76,122,252,17,249,68,74,236,62,75,138,243,165,159,255,196,0,33,16,0,1,3,3,4,3,0,0,0,0,0,0,0,0,0,0,1,0,2,17,16,18,33,3,32,49,50,34,81,97,255,218,0,8,1,1,0,6,63,2,172,66,23,52,137,247,179,148,9,204,21,164,214,104,219,103,37,101,73,202,241,197,58,172,186,213,32,211,38,20,21,0,47,181,201,65,173,146,74,58,110,113,105,11,177,217,45,40,185,198,191,255,196,0,32,16,1,1,1,1,0,2,2,2,3,0,0,0,0,0,0,0,1,17,0,33,49,81,16,113,65,129,145,209,225,255,218,0,8,1,1,0,1,63,33,199,53,214,64,200,34,233,221,183,138,2,83,225,149,158,50,210,63,222,112,191,195,78,126,162,153,167,163,105,87,252,210,34,58,84,233,155,157,93,232,248,212,20,242,234,243,244,113,112,35,208,117,222,106,125,228,195,116,196,127,140,152,68,247,142,107,231,172,60,247,244,205,142,115,117,168,231,101,8,25,213,76,123,149,111,15,122,143,132,48,84,17,185,90,42,220,143,215,199,255,218,0,12,3,1,0,2,0,3,0,0,0,16,129,167,223,251,62,187,251,255,196,0,25,17,0,3,1,1,1,0,0,0,0,0,0,0,0,0,0,0,0,1,17,33,49,81,255,218,0,8,1,3,1,1,63,16,139,130,250,150,25,164,102,182,143,4,250,105,104,134,236,27,57,89,243,104,149,196,127,255,196,0,26,17,1,1,1,1,0,3,0,0,0,0,0,0,0,0,0,0,1,0,17,33,49,65,81,255,218,0,8,1,2,1,1,63,16,212,223,80,120,132,183,194,48,50,46,199,8,144,28,135,75,62,167,139,255,196,0,34,16,1,0,2,2,3,0,2,2,3,0,0,0,0,0,0,0,1,0,17,33,49,65,81,97,16,113,129,145,161,177,241,255,218,0,8,1,1,0,1,63,16,137,128,158,70,175,15,164,38,124,21,201,220,217,156,111,208,94,254,28,4,153,56,128,217,15,57,168,21,89,159,9,18,234,19,228,17,207,122,138,154,170,182,122,232,75,91,212,158,194,1,68,11,247,252,140,196,93,53,23,250,35,80,0,3,60,247,45,109,90,69,217,245,51,156,238,167,231,102,96,17,251,19,19,80,31,230,89,16,6,213,182,28,136,35,133,191,184,104,156,134,239,151,25,135,238,89,242,86,158,120,150,169,113,187,233,150,86,157,221,192,46,32,57,98,131,0,185,88,241,27,10,14,237,126,162,42,183,155,94,223,140,14,206,153,129,44,51,84,197,14,229,155,202,247,13,13,13,7,199,255,217,32,32,32,32,32,32,32,32,32,32,32,32,32,32,32,32,32,32,32,32,32,32,32,32,32,32,32,32,32,32,32,32,32,32,32,32,32,32,32,32,32,32,32,32,32,32,32,32,32,32]},{"name":"Arcia","username":"playarcia","profileImageBytes":[255,216,255,224,0,16,74,70,73,70,0,1,1,0,0,1,0,1,0,0,255,226,2,160,73,67,67,95,80,82,79,70,73,76,69,0,1,1,0,0,2,144,108,99,109,115,4,48,0,0,109,110,116,114,82,71,66,32,88,89,90,32,0,0,0,0,0,0,0,0,0,0,0,0,97,99,115,112,65,80,80,76,0,0,0,0,0,0,0,0,0,0,0,0,0,0,0,0,0,0,0,0,0,0,0,0,0,0,246,214,0,1,0,0,0,0,211,45,108,99,109,115,0,0,0,0,0,0,0,0,0,0,0,0,0,0,0,0,0,0,0,0,0,0,0,0,0,0,0,0,0,0,0,0,0,0,0,0,0,0,0,0,0,0,0,0,0,0,0,11,100,101,115,99,0,0,1,8,0,0,0,56,99,112,114,116,0,0,1,64,0,0,0,78,119,116,112,116,0,0,1,144,0,0,0,20,99,104,97,100,0,0,1,164,0,0,0,44,114,88,89,90,0,0,1,208,0,0,0,20,98,88,89,90,0,0,1,228,0,0,0,20,103,88,89,90,0,0,1,248,0,0,0,20,114,84,82,67,0,0,2,12,0,0,0,32,103,84,82,67,0,0,2,44,0,0,0,32,98,84,82,67,0,0,2,76,0,0,0,32,99,104,114,109,0,0,2,108,0,0,0,36,109,108,117,99,0,0,0,0,0,0,0,1,0,0,0,12,101,110,85,83,0,0,0,28,0,0,0,28,0,115,0,82,0,71,0,66,0,32,0,98,0,117,0,105,0,108,0,116,0,45,0,105,0,110,0,0,109,108,117,99,0,0,0,0,0,0,0,1,0,0,0,12,101,110,85,83,0,0,0,50,0,0,0,28,0,78,0,111,0,32,0,99,0,111,0,112,0,121,0,114,0,105,0,103,0,104,0,116,0,44,0,32,0,117,0,115,0,101,0,32,0,102,0,114,0,101,0,101,0,108,0,121,0,0,0,0,88,89,90,32,0,0,0,0,0,0,246,214,0,1,0,0,0,0,211,45,115,102,51,50,0,0,0,0,0,1,12,74,0,0,5,227,255,255,243,42,0,0,7,155,0,0,253,135,255,255,251,162,255,255,253,163,0,0,3,216,0,0,192,148,88,89,90,32,0,0,0,0,0,0,111,148,0,0,56,238,0,0,3,144,88,89,90,32,0,0,0,0,0,0,36,157,0,0,15,131,0,0,182,190,88,89,90,32,0,0,0,0,0,0,98,165,0,0,183,144,0,0,24,222,112,97,114,97,0,0,0,0,0,3,0,0,0,2,102,102,0,0,242,167,0,0,13,89,0,0,19,208,0,0,10,91,112,97,114,97,0,0,0,0,0,3,0,0,0,2,102,102,0,0,242,167,0,0,13,89,0,0,19,208,0,0,10,91,112,97,114,97,0,0,0,0,0,3,0,0,0,2,102,102,0,0,242,167,0,0,13,89,0,0,19,208,0,0,10,91,99,104,114,109,0,0,0,0,0,3,0,0,0,0,163,215,0,0,84,123,0,0,76,205,0,0,153,154,0,0,38,102,0,0,15,92,255,219,0,67,0,5,3,4,4,4,3,5,4,4,4,5,5,5,6,7,12,8,7,7,7,7,15,11,11,9,12,17,15,18,18,17,15,17,17,19,22,28,23,19,20,26,21,17,17,24,33,24,26,29,29,31,31,31,19,23,34,36,34,30,36,28,30,31,30,255,219,0,67,1,5,5,5,7,6,7,14,8,8,14,30,20,17,20,30,30,30,30,30,30,30,30,30,30,30,30,30,30,30,30,30,30,30,30,30,30,30,30,30,30,30,30,30,30,30,30,30,30,30,30,30,30,30,30,30,30,30,30,30,30,30,30,30,30,255,194,0,17,8,0,48,0,48,3,1,34,0,2,17,1,3,17,1,255,196,0,27,0,0,2,2,3,1,0,0,0,0,0,0,0,0,0,0,0,2,4,1,3,0,5,6,7,255,196,0,24,1,1,1,1,1,1,0,0,0,0,0,0,0,0,0,0,0,1,3,2,0,4,255,218,0,12,3,1,0,2,16,3,16,0,0,1,241,147,155,175,154,228,155,102,162,221,159,34,173,51,171,103,121,146,139,142,185,18,85,224,189,98,243,215,101,110,188,137,194,248,45,63,255,196,0,29,16,0,2,3,0,3,1,1,0,0,0,0,0,0,0,0,0,1,2,0,3,17,5,16,18,4,33,255,218,0,8,1,1,0,1,5,2,153,2,236,240,101,148,186,116,163,97,24,6,9,77,129,95,153,228,7,32,150,41,83,65,10,8,87,47,95,152,130,126,170,221,133,68,72,204,103,162,67,110,24,39,163,40,75,45,127,161,46,249,236,246,209,142,244,12,174,210,141,117,173,99,147,215,255,196,0,26,17,1,1,1,1,0,3,0,0,0,0,0,0,0,0,0,0,1,0,2,18,17,33,97,255,218,0,8,1,3,1,1,63,1,89,211,99,74,123,182,79,158,108,18,92,189,124,130,255,196,0,28,17,0,2,2,3,1,1,0,0,0,0,0,0,0,0,0,0,0,2,1,17,3,18,33,16,49,255,218,0,8,1,2,1,1,63,1,85,22,175,166,76,122,252,17,249,68,74,236,62,75,138,243,165,159,255,196,0,33,16,0,1,3,3,4,3,0,0,0,0,0,0,0,0,0,0,1,0,2,17,16,18,33,3,32,49,50,34,81,97,255,218,0,8,1,1,0,6,63,2,172,66,23,52,137,247,179,148,9,204,21,164,214,104,219,103,37,101,73,202,241,197,58,172,186,213,32,211,38,20,21,0,47,181,201,65,173,146,74,58,110,113,105,11,177,217,45,40,185,198,191,255,196,0,32,16,1,1,1,1,0,2,2,2,3,0,0,0,0,0,0,0,1,17,0,33,49,81,16,113,65,129,145,209,225,255,218,0,8,1,1,0,1,63,33,199,53,214,64,200,34,233,221,183,138,2,83,225,149,158,50,210,63,222,112,191,195,78,126,162,153,167,163,105,87,252,210,34,58,84,233,155,157,93,232,248,212,20,242,234,243,244,113,112,35,208,117,222,106,125,228,195,116,196,127,140,152,68,247,142,107,231,172,60,247,244,205,142,115,117,168,231,101,8,25,213,76,123,149,111,15,122,143,132,48,84,17,185,90,42,220,143,215,199,255,218,0,12,3,1,0,2,0,3,0,0,0,16,129,167,223,251,62,187,251,255,196,0,25,17,0,3,1,1,1,0,0,0,0,0,0,0,0,0,0,0,0,1,17,33,49,81,255,218,0,8,1,3,1,1,63,16,139,130,250,150,25,164,102,182,143,4,250,105,104,134,236,27,57,89,243,104,149,196,127,255,196,0,26,17,1,1,1,1,0,3,0,0,0,0,0,0,0,0,0,0,1,0,17,33,49,65,81,255,218,0,8,1,2,1,1,63,16,212,223,80,120,132,183,194,48,50,46,199,8,144,28,135,75,62,167,139,255,196,0,34,16,1,0,2,2,3,0,2,2,3,0,0,0,0,0,0,0,1,0,17,33,49,65,81,97,16,113,129,145,161,177,241,255,218,0,8,1,1,0,1,63,16,137,128,158,70,175,15,164,38,124,21,201,220,217,156,111,208,94,254,28,4,153,56,128,217,15,57,168,21,89,159,9,18,234,19,228,17,207,122,138,154,170,182,122,232,75,91,212,158,194,1,68,11,247,252,140,196,93,53,23,250,35,80,0,3,60,247,45,109,90,69,217,245,51,156,238,167,231,102,96,17,251,19,19,80,31,230,89,16,6,213,182,28,136,35,133,191,184,104,156,134,239,151,25,135,238,89,242,86,158,120,150,169,113,187,233,150,86,157,221,192,46,32,57,98,131,0,185,88,241,27,10,14,237,126,162,42,183,155,94,223,140,14,206,153,129,44,51,84,197,14,229,155,202,247,13,13,13,7,199,255,217,32,32,32,32,32,32,32,32,32,32,32,32,32,32,32,32,32,32,32,32,32,32,32,32,32,32,32,32,32,32,32,32,32,32,32,32,32,32,32,32,32,32,32,32,32,32,32,32,32,32]},{"name":"Arcia","username":"playarcia","profileImageBytes":[255,216,255,224,0,16,74,70,73,70,0,1,1,0,0,1,0,1,0,0,255,226,2,160,73,67,67,95,80,82,79,70,73,76,69,0,1,1,0,0,2,144,108,99,109,115,4,48,0,0,109,110,116,114,82,71,66,32,88,89,90,32,0,0,0,0,0,0,0,0,0,0,0,0,97,99,115,112,65,80,80,76,0,0,0,0,0,0,0,0,0,0,0,0,0,0,0,0,0,0,0,0,0,0,0,0,0,0,246,214,0,1,0,0,0,0,211,45,108,99,109,115,0,0,0,0,0,0,0,0,0,0,0,0,0,0,0,0,0,0,0,0,0,0,0,0,0,0,0,0,0,0,0,0,0,0,0,0,0,0,0,0,0,0,0,0,0,0,0,11,100,101,115,99,0,0,1,8,0,0,0,56,99,112,114,116,0,0,1,64,0,0,0,78,119,116,112,116,0,0,1,144,0,0,0,20,99,104,97,100,0,0,1,164,0,0,0,44,114,88,89,90,0,0,1,208,0,0,0,20,98,88,89,90,0,0,1,228,0,0,0,20,103,88,89,90,0,0,1,248,0,0,0,20,114,84,82,67,0,0,2,12,0,0,0,32,103,84,82,67,0,0,2,44,0,0,0,32,98,84,82,67,0,0,2,76,0,0,0,32,99,104,114,109,0,0,2,108,0,0,0,36,109,108,117,99,0,0,0,0,0,0,0,1,0,0,0,12,101,110,85,83,0,0,0,28,0,0,0,28,0,115,0,82,0,71,0,66,0,32,0,98,0,117,0,105,0,108,0,116,0,45,0,105,0,110,0,0,109,108,117,99,0,0,0,0,0,0,0,1,0,0,0,12,101,110,85,83,0,0,0,50,0,0,0,28,0,78,0,111,0,32,0,99,0,111,0,112,0,121,0,114,0,105,0,103,0,104,0,116,0,44,0,32,0,117,0,115,0,101,0,32,0,102,0,114,0,101,0,101,0,108,0,121,0,0,0,0,88,89,90,32,0,0,0,0,0,0,246,214,0,1,0,0,0,0,211,45,115,102,51,50,0,0,0,0,0,1,12,74,0,0,5,227,255,255,243,42,0,0,7,155,0,0,253,135,255,255,251,162,255,255,253,163,0,0,3,216,0,0,192,148,88,89,90,32,0,0,0,0,0,0,111,148,0,0,56,238,0,0,3,144,88,89,90,32,0,0,0,0,0,0,36,157,0,0,15,131,0,0,182,190,88,89,90,32,0,0,0,0,0,0,98,165,0,0,183,144,0,0,24,222,112,97,114,97,0,0,0,0,0,3,0,0,0,2,102,102,0,0,242,167,0,0,13,89,0,0,19,208,0,0,10,91,112,97,114,97,0,0,0,0,0,3,0,0,0,2,102,102,0,0,242,167,0,0,13,89,0,0,19,208,0,0,10,91,112,97,114,97,0,0,0,0,0,3,0,0,0,2,102,102,0,0,242,167,0,0,13,89,0,0,19,208,0,0,10,91,99,104,114,109,0,0,0,0,0,3,0,0,0,0,163,215,0,0,84,123,0,0,76,205,0,0,153,154,0,0,38,102,0,0,15,92,255,219,0,67,0,5,3,4,4,4,3,5,4,4,4,5,5,5,6,7,12,8,7,7,7,7,15,11,11,9,12,17,15,18,18,17,15,17,17,19,22,28,23,19,20,26,21,17,17,24,33,24,26,29,29,31,31,31,19,23,34,36,34,30,36,28,30,31,30,255,219,0,67,1,5,5,5,7,6,7,14,8,8,14,30,20,17,20,30,30,30,30,30,30,30,30,30,30,30,30,30,30,30,30,30,30,30,30,30,30,30,30,30,30,30,30,30,30,30,30,30,30,30,30,30,30,30,30,30,30,30,30,30,30,30,30,30,30,255,194,0,17,8,0,48,0,48,3,1,34,0,2,17,1,3,17,1,255,196,0,27,0,0,2,2,3,1,0,0,0,0,0,0,0,0,0,0,0,2,4,1,3,0,5,6,7,255,196,0,24,1,1,1,1,1,1,0,0,0,0,0,0,0,0,0,0,0,1,3,2,0,4,255,218,0,12,3,1,0,2,16,3,16,0,0,1,241,147,155,175,154,228,155,102,162,221,159,34,173,51,171,103,121,146,139,142,185,18,85,224,189,98,243,215,101,110,188,137,194,248,45,63,255,196,0,29,16,0,2,3,0,3,1,1,0,0,0,0,0,0,0,0,0,1,2,0,3,17,5,16,18,4,33,255,218,0,8,1,1,0,1,5,2,153,2,236,240,101,148,186,116,163,97,24,6,9,77,129,95,153,228,7,32,150,41,83,65,10,8,87,47,95,152,130,126,170,221,133,68,72,204,103,162,67,110,24,39,163,40,75,45,127,161,46,249,236,246,209,142,244,12,174,210,141,117,173,99,147,215,255,196,0,26,17,1,1,1,1,0,3,0,0,0,0,0,0,0,0,0,0,1,0,2,18,17,33,97,255,218,0,8,1,3,1,1,63,1,89,211,99,74,123,182,79,158,108,18,92,189,124,130,255,196,0,28,17,0,2,2,3,1,1,0,0,0,0,0,0,0,0,0,0,0,2,1,17,3,18,33,16,49,255,218,0,8,1,2,1,1,63,1,85,22,175,166,76,122,252,17,249,68,74,236,62,75,138,243,165,159,255,196,0,33,16,0,1,3,3,4,3,0,0,0,0,0,0,0,0,0,0,1,0,2,17,16,18,33,3,32,49,50,34,81,97,255,218,0,8,1,1,0,6,63,2,172,66,23,52,137,247,179,148,9,204,21,164,214,104,219,103,37,101,73,202,241,197,58,172,186,213,32,211,38,20,21,0,47,181,201,65,173,146,74,58,110,113,105,11,177,217,45,40,185,198,191,255,196,0,32,16,1,1,1,1,0,2,2,2,3,0,0,0,0,0,0,0,1,17,0,33,49,81,16,113,65,129,145,209,225,255,218,0,8,1,1,0,1,63,33,199,53,214,64,200,34,233,221,183,138,2,83,225,149,158,50,210,63,222,112,191,195,78,126,162,153,167,163,105,87,252,210,34,58,84,233,155,157,93,232,248,212,20,242,234,243,244,113,112,35,208,117,222,106,125,228,195,116,196,127,140,152,68,247,142,107,231,172,60,247,244,205,142,115,117,168,231,101,8,25,213,76,123,149,111,15,122,143,132,48,84,17,185,90,42,220,143,215,199,255,218,0,12,3,1,0,2,0,3,0,0,0,16,129,167,223,251,62,187,251,255,196,0,25,17,0,3,1,1,1,0,0,0,0,0,0,0,0,0,0,0,0,1,17,33,49,81,255,218,0,8,1,3,1,1,63,16,139,130,250,150,25,164,102,182,143,4,250,105,104,134,236,27,57,89,243,104,149,196,127,255,196,0,26,17,1,1,1,1,0,3,0,0,0,0,0,0,0,0,0,0,1,0,17,33,49,65,81,255,218,0,8,1,2,1,1,63,16,212,223,80,120,132,183,194,48,50,46,199,8,144,28,135,75,62,167,139,255,196,0,34,16,1,0,2,2,3,0,2,2,3,0,0,0,0,0,0,0,1,0,17,33,49,65,81,97,16,113,129,145,161,177,241,255,218,0,8,1,1,0,1,63,16,137,128,158,70,175,15,164,38,124,21,201,220,217,156,111,208,94,254,28,4,153,56,128,217,15,57,168,21,89,159,9,18,234,19,228,17,207,122,138,154,170,182,122,232,75,91,212,158,194,1,68,11,247,252,140,196,93,53,23,250,35,80,0,3,60,247,45,109,90,69,217,245,51,156,238,167,231,102,96,17,251,19,19,80,31,230,89,16,6,213,182,28,136,35,133,191,184,104,156,134,239,151,25,135,238,89,242,86,158,120,150,169,113,187,233,150,86,157,221,192,46,32,57,98,131,0,185,88,241,27,10,14,237,126,162,42,183,155,94,223,140,14,206,153,129,44,51,84,197,14,229,155,202,247,13,13,13,7,199,255,217,32,32,32,32,32,32,32,32,32,32,32,32,32,32,32,32,32,32,32,32,32,32,32,32,32,32,32,32,32,32,32,32,32,32,32,32,32,32,32,32,32,32,32,32,32,32,32,32,32,32]}]}'